0.0233
0.0226
0.0225
0.0224
0.0223
0.0222
0.0221
0.022
0.0219
0.0218
0.0217
0.0216
0.0214
0.0213
0.0212
0.021
0.0209
0.0208
0.0205
0.0202
0.0199
0.0196
0.0192
0.0188
0.0185
0.0181
0.0177
0.0173
0.0169
0.0164
0.0158
0.0151
0.0145
0.0138
0.0132
0.0125
0.0118
0.0109
0.0101
0.00932
0.00855
0.0078
0.00701
0.00618
0.00542
0.00472
0.00404
0.00339
0.00283
0.00238
0.00198
0.00166
0.00143
0.00129
0.00121
0.00119
0.00121
0.00125
0.00131
0.00137
0.0014
0.00141
0.00138
0.00133
0.00125
0.00116
0.00108
0.00101
0.00096
0.000933
0.000919
0.000904
0.000876
0.000826
0.000753
0.000667
0.000581
0.000505
0.000445
0.000397
0.000353
0.000306
0.000257
0.000209
0.000171
0.000144
0.000126
0.000114
0.000105
0.000102
0.000101
9.92e-05
9.58e-05
9.32e-05
9.26e-05
9.19e-05
8.99e-05
8.82e-05
8.79e-05
8.79e-05
8.75e-05
