0.00620707 0.0361896
0.00658326 0.0360561
0.00695944 0.0359152
0.00733563 0.035767
0.00771181 0.0356115
0.008088 0.0354488
0.00846419 0.035279
0.00884037 0.0351022
0.00921656 0.0349185
0.00959274 0.0347279
0.00996893 0.0345306
0.0103451 0.0343267
0.0107213 0.0341163
0.0110975 0.0338994
0.0114737 0.0336763
0.0118499 0.0334469
0.012226 0.0332115
0.0127903 0.0328472
0.0135427 0.0323415
0.0142951 0.0318136
0.0150474 0.0312648
0.0157998 0.0306961
0.0165522 0.0301087
0.0173045 0.0295037
0.0180569 0.0288823
0.0188092 0.0282457
0.0195616 0.0275952
0.020314 0.026932
0.0212544 0.0260872
0.022383 0.0250535
0.0235115 0.0240021
0.0246401 0.0229374
0.0257686 0.0218639
0.0268971 0.0207858
0.0280257 0.0197075
0.0293423 0.0184548
0.030847 0.017038
0.0323517 0.0156459
0.0338564 0.0142875
0.0353611 0.0129709
0.0368658 0.0117037
0.0385585 0.0103459
0.0404394 0.00893131
0.0423202 0.00762566
0.044201 0.00643705
0.0462699 0.00527195
0.0485269 0.00417686
0.0507839 0.00326799
0.0530408 0.00254413
0.0554858 0.00196293
0.0581189 0.0015609
0.0607519 0.00137284
0.0633849 0.00137578
0.066206 0.00156105
0.0692151 0.00192778
0.0722241 0.00242618
0.0754212 0.00305158
0.0788063 0.00376811
0.0823794 0.00452892
0.0861405 0.00527989
0.0899015 0.00593544
0.0938505 0.00648862
0.0979874 0.0069018
0.102312 0.00715108
0.106825 0.00722983
0.111526 0.00714965
0.116414 0.0069382
0.121491 0.0066339
0.126755 0.00627845
0.132207 0.00590889
0.138035 0.00553964
0.14405 0.00519544
0.150254 0.00487255
0.156832 0.00454829
0.163599 0.00421617
0.170553 0.00386556
0.177882 0.00348597
0.185586 0.00308563
0.193666 0.00267826
0.20212 0.00227681
0.210762 0.00189805
0.21959 0.00154693
0.228794 0.00122581
0.238371 0.000951972
0.248511 0.00074084
0.259212 0.000605336
0.270287 0.000537821
0.281736 0.000508908
0.293557 0.000489053
0.305939 0.000463762
0.318881 0.000435776
0.332194 0.000413652
0.346067 0.000398927
0.360498 0.00038726
0.375486 0.000375305
0.391219 0.000363967
0.407507 0.000355671
0.424351 0.000350872
0.441936 0.00034872
0.452969 0.00034826
