0 -3.30799 2.62138 27.5167 160.03 1.974e-11
1 34.7754 -9.31983 51.5533 86.69 1.0716e-11
2 -9.32675 -34.6526 43.3989 166.91 1.7484e-11
3 14.9418 7.11813 84.4349 166.91 1.7484e-11
4 12.3135 -6.72005 66.0952 166.91 1.7484e-11
5 17.8128 20.2685 62.1215 86.69 1.0716e-11
6 -18.1832 -5.08709 71.3196 140.17 1.5228e-11
7 -1.78146 -20.978 31.9925 205.93 2.1996e-11
8 -11.2588 -26.6794 48.9214 166.91 1.7484e-11
9 32.3722 0.361832 51.3034 140.17 1.5228e-11
10 -34.1001 0.0565676 40.7314 166.91 1.7484e-11
11 -17.8335 33.1054 52.3798 166.91 1.7484e-11
12 20.9211 21.6164 76.2254 215.06 2.4252e-11
13 29.4598 10.3635 68.898 166.91 1.7484e-11
14 -21.3444 -15.4943 38.0812 215.06 2.4252e-11
15 1.0619 7.28909 77.6785 59.95 8.46e-12
16 -7.03354 27.3209 31.5454 122.56 1.5228e-11
17 -6.76843 2.98432 47.4334 171.89 2.1432e-11
18 2.75599 -0.12159 86.4289 95.82 1.2972e-11
19 19.8634 4.36671 81.259 171.89 2.1432e-11
20 9.98794 27.3632 22.7814 59.95 8.46e-12
21 -14.5968 30.9593 62.1647 166.91 1.7484e-11
22 -27.9732 14.5077 40.8652 205.93 2.1996e-11
23 -8.98197 -0.0207174 21.8026 179.7 2.0022e-11
24 6.97493 27.6461 57.2087 179.7 2.0022e-11
25 5.19189 -19.8299 49.0812 166.91 1.7484e-11
26 -24.0194 -14.46 60.3415 59.95 8.46e-12
27 -29.863 12.1003 59.7307 166.91 1.7484e-11
28 24.2458 -20.1727 48.1145 129.87 1.4664e-11
29 -29.1912 22.6523 46.4246 59.95 8.46e-12
30 -12.0381 -3.81599 74.7156 129.87 1.4664e-11
31 28.8688 -2.29901 50.4765 122.56 1.5228e-11
32 8.0315 25.4049 70.4675 129.87 1.4664e-11
33 -3.0204 36.1094 60.6191 166.91 1.7484e-11
34 -4.85357 25.9758 65.1185 129.87 1.4664e-11
35 28.1016 -16.8547 52.9941 205.93 2.1996e-11
36 1.15477 -31.7253 43.1223 166.91 1.7484e-11
37 6.13733 30.1253 45.2031 59.95 8.46e-12
38 18.3798 29.5411 67.2514 119.9 1.692e-11
39 24.0576 16.5228 69.3373 166.91 1.7484e-11
40 -2.93418 -34.7845 67.0738 166.91 1.7484e-11
41 -0.884547 13.4143 64.5639 95.82 1.2972e-11
42 -4.31813 -14.7414 51.1728 215.06 2.4252e-11
43 30.5203 -4.82196 47.4025 171.89 2.1432e-11
44 24.532 -10.7874 26.9215 179.7 2.0022e-11
45 21.8682 18.1868 35.5342 59.95 8.46e-12
46 -6.5821 14.5995 64.445 205.93 2.1996e-11
47 -23.5791 26.9136 66.7137 106.55 1.5228e-11
48 21.1204 10.3657 27.1082 160.03 1.974e-11
49 -18.4628 15.3735 32.7228 205.93 2.1996e-11
50 22.1493 22.7092 43.7968 116.24 1.6638e-11
51 25.5781 -29.0836 41.8515 160.03 1.974e-11
52 8.08081 -25.8496 76.2684 142.98 1.8894e-11
53 10.7774 15.6806 73.5816 106.55 1.5228e-11
54 15.6994 20.2352 63.5617 171.89 2.1432e-11
55 10.6744 -35.4847 57.8573 179.7 2.0022e-11
56 -21.8394 -14.4978 65.9868 179.7 2.0022e-11
57 -30.605 21.0057 52.0899 215.06 2.4252e-11
58 4.31291 7.03911 36.3733 59.95 8.46e-12
59 -1.17399 28.8181 75.0613 179.7 2.0022e-11
60 4.54686 19.1197 35.2806 140.17 1.5228e-11
61 -29.1734 2.28386 34.8591 246.45 2.7636e-11
62 7.04953 1.44669 44.4678 59.95 8.46e-12
63 -19.2926 -10.3819 41.4414 205.93 2.1996e-11
64 -4.25072 -1.9283 41.0265 215.06 2.4252e-11
65 -17.6566 -33.7389 39.5794 116.24 1.6638e-11
66 -19.6862 13.7427 64.099 59.95 8.46e-12
67 1.11491 18.2887 67.6614 146.64 1.9176e-11
68 -14.2752 -3.16527 51.3716 146.64 1.9176e-11
69 12.9084 -7.85337 58.4512 129.87 1.4664e-11
70 -12.4946 3.33681 51.8246 140.17 1.5228e-11
71 11.4383 3.69093 83.4278 166.91 1.7484e-11
72 27.518 15.5219 46.4601 86.69 1.0716e-11
73 16.556 16.6261 44.9311 166.91 1.7484e-11
74 15.6543 -17.6391 70.309 122.56 1.5228e-11
75 22.6394 19.7343 44.9141 116.24 1.6638e-11
76 -34.652 3.52182 41.1785 129.87 1.4664e-11
77 -22.7339 -9.13844 60.1489 116.24 1.6638e-11
78 12.7243 16.7456 53.0929 160.03 1.974e-11
79 -17.5769 25.2746 39.7528 166.91 1.7484e-11
80 -31.6962 1.67681 72.0704 179.7 2.0022e-11
81 -27.1781 17.9011 33.7618 122.56 1.5228e-11
82 -35.9518 -1.77565 46.573 140.17 1.5228e-11
83 1.59908 -4.28083 22.0249 166.91 1.7484e-11
84 -17.1246 26.6946 65.651 140.17 1.5228e-11
85 6.22208 14.4932 36.494 179.7 2.0022e-11
86 -9.79597 -0.827864 56.0938 142.98 1.8894e-11
87 19.1167 14.3466 52.9013 106.55 1.5228e-11
88 -24.9379 -11.8945 59.13 215.06 2.4252e-11
89 8.60892 -29.9254 54.229 95.82 1.2972e-11
90 -20.4331 20.8494 65.5885 140.17 1.5228e-11
91 -3.8519 -18.9104 63.2403 205.93 2.1996e-11
92 7.94874 -5.44734 16.6005 122.56 1.5228e-11
93 14.9932 -9.97519 76.8965 119.9 1.692e-11
94 -33.5718 -0.46043 71.555 184.68 2.397e-11
95 21.5291 -0.0035735 69.9401 184.68 2.397e-11
96 13.7523 14.5333 70.5416 129.87 1.4664e-11
97 5.00816 12.2098 59.3288 205.93 2.1996e-11
98 -10.2827 -22.0159 28.6953 59.95 8.46e-12
99 12.2409 -26.7258 69.5283 129.87 1.4664e-11
100 7.48365 17.7497 49.7266 140.17 1.5228e-11
101 -35.7044 -4.66939 51.534 59.95 8.46e-12
102 -4.32561 19.4619 26.4273 205.93 2.1996e-11
103 -10.515 -6.08876 36.1782 160.03 1.974e-11
104 17.0837 6.14207 79.7507 179.7 2.0022e-11
105 20.6597 26.9278 65.9833 95.82 1.2972e-11
106 -8.87518 34.8193 58.4482 86.69 1.0716e-11
107 -11.0333 3.16037 46.4058 166.91 1.7484e-11
108 -6.27371 -2.2096 33.1813 95.82 1.2972e-11
109 2.19513 13.5056 79.0914 166.91 1.7484e-11
110 -20.5 16.9252 31.093 86.69 1.0716e-11
111 -9.37428 -33.5196 46.781 142.98 1.8894e-11
112 -21.3706 23.6282 49.3074 116.24 1.6638e-11
113 -12.2007 -16.6026 50.7727 142.98 1.8894e-11
114 -13.6453 24.1667 60.5411 142.98 1.8894e-11
115 -0.429527 -19.0577 66.9257 246.45 2.7636e-11
116 -9.7307 -23.9484 28.6086 179.7 2.0022e-11
117 -5.1123 -2.44012 78.895 184.68 2.397e-11
118 7.32706 25.8313 36.3663 166.91 1.7484e-11
119 -21.4338 2.92226 44.4495 184.68 2.397e-11
120 -2.55402 34.5532 65.2618 95.82 1.2972e-11
121 25.2325 3.32277 55.8245 166.91 1.7484e-11
122 1.35265 13.962 68.974 166.91 1.7484e-11
123 13.6793 -12.3303 15.3032 95.82 1.2972e-11
124 -9.59083 6.88126 23.385 129.87 1.4664e-11
125 17.0956 -33.8141 57.1847 122.56 1.5228e-11
126 8.13101 17.9069 51.5469 205.93 2.1996e-11
127 5.94882 -18.1399 52.5142 122.56 1.5228e-11
128 15.8847 13.3639 17.7946 95.82 1.2972e-11
129 3.8989 8.85901 63.4372 59.95 8.46e-12
130 -0.389973 5.72661 57.111 179.7 2.0022e-11
131 -4.69494 -27.9026 50.182 166.91 1.7484e-11
132 1.76508 -14.3486 12.8048 179.7 2.0022e-11
133 -20.3886 -31.4256 40.6375 142.98 1.8894e-11
134 4.14635 7.77348 58.8888 160.03 1.974e-11
135 -1.06551 12.0102 65.7597 140.17 1.5228e-11
136 -7.39698 -1.05204 48.3826 129.87 1.4664e-11
137 16.836 2.73589 32.1318 166.91 1.7484e-11
138 8.44305 -17.5917 66.2696 166.91 1.7484e-11
139 -6.92046 7.7981 72.6402 86.69 1.0716e-11
140 2.19304 -21.5784 21.4947 146.64 1.9176e-11
141 31.9617 -19.8862 62.1212 215.06 2.4252e-11
142 16.1977 -5.0807 18.6191 59.95 8.46e-12
143 21.294 -32.0107 45.3012 116.24 1.6638e-11
144 -12.4339 -16.2349 70.6097 140.17 1.5228e-11
145 5.85463 -1.17712 26.1986 166.91 1.7484e-11
146 -0.65274 -10.6084 74.393 140.17 1.5228e-11
147 -28.0599 -2.55189 40.4487 184.68 2.397e-11
148 30.6964 -6.06932 42.9798 119.9 1.692e-11
149 1.77717 28.9297 32.1759 166.91 1.7484e-11
150 29.5595 6.94896 41.1338 184.68 2.397e-11
151 -6.39695 6.389 69.9316 184.68 2.397e-11
152 -6.65629 -32.2857 63.9754 142.98 1.8894e-11
153 5.00893 25.0437 80.2553 86.69 1.0716e-11
154 21.5488 10.8164 81.7219 142.98 1.8894e-11
155 -9.80124 -9.39043 65.0062 122.56 1.5228e-11
156 -1.78874 16.687 29.0415 59.95 8.46e-12
157 14.4959 32.6952 38.992 179.7 2.0022e-11
158 28.737 23.5422 44.3099 129.87 1.4664e-11
159 -34.1191 -0.109555 48.7098 140.17 1.5228e-11
160 -3.94122 -0.0274135 69.2607 122.56 1.5228e-11
161 -24.2954 -12.8705 56.0543 166.91 1.7484e-11
162 -4.77855 6.85397 44.6302 179.7 2.0022e-11
163 -10.5438 -9.41465 58.0106 116.24 1.6638e-11
164 -5.64218 -28.097 63.6157 140.17 1.5228e-11
165 11.1246 11.7196 61.5918 205.93 2.1996e-11
166 23.9228 -9.81088 38.6137 59.95 8.46e-12
167 -8.83996 -13.2555 65.4871 86.69 1.0716e-11
168 -28.4082 -16.678 63.3485 215.06 2.4252e-11
169 -9.44361 1.32252 37.5564 95.82 1.2972e-11
170 -18.8693 -16.72 76.6918 160.03 1.974e-11
171 -3.35633 -9.85468 22.4698 116.24 1.6638e-11
172 23.5905 4.87315 33.0924 140.17 1.5228e-11
173 -6.75518 -14.3511 51.1672 166.91 1.7484e-11
174 17.5324 27.3635 28.5516 122.56 1.5228e-11
175 -2.79944 -10.1313 14.0034 95.82 1.2972e-11
176 26.5219 -6.1958 77.1639 122.56 1.5228e-11
177 -16.5565 -25.5043 38.6021 95.82 1.2972e-11
178 34.7288 7.15354 39.5232 205.93 2.1996e-11
179 -2.9553 10.2264 85.5562 59.95 8.46e-12
180 -7.5371 -35.9615 45.588 140.17 1.5228e-11
181 7.67418 19.8649 79.1337 119.9 1.692e-11
182 26.6702 6.50281 62.6875 166.91 1.7484e-11
183 -17.6963 17.5836 57.2367 116.24 1.6638e-11
184 18.4359 11.4421 37.9623 95.82 1.2972e-11
185 2.7901 13.1318 35.8743 166.91 1.7484e-11
186 -13.3657 2.09454 52.8765 119.9 1.692e-11
187 8.19241 9.85941 77.0943 119.9 1.692e-11
188 13.7319 -8.67557 79.7027 129.87 1.4664e-11
189 14.0852 10.3003 46.3638 146.64 1.9176e-11
190 5.94768 -37.4184 38.1114 116.24 1.6638e-11
191 28.4066 -10.333 62.914 129.87 1.4664e-11
192 -17.6405 -4.5901 24.1136 205.93 2.1996e-11
193 -1.02305 5.54719 81.6579 140.17 1.5228e-11
194 -5.23978 15.0875 26.2527 142.98 1.8894e-11
195 25.9701 0.1483 62.471 119.9 1.692e-11
196 0.404719 2.11635 19.4718 122.56 1.5228e-11
197 32.2445 13.5124 32.2069 179.7 2.0022e-11
198 -9.06341 -8.68052 76.4877 179.7 2.0022e-11
199 11.846 -23.9027 77.8956 166.91 1.7484e-11
200 -11.1226 22.3727 67.5363 166.91 1.7484e-11
201 13.3091 6.47754 38.0938 184.68 2.397e-11
202 -22.1043 13.7081 42.3812 205.93 2.1996e-11
203 30.9208 6.34898 37.3478 116.24 1.6638e-11
204 -5.02077 15.9711 76.7426 205.93 2.1996e-11
205 -18.8271 -26.4031 52.6826 166.91 1.7484e-11
206 21.8562 -22.9146 44.7143 116.24 1.6638e-11
207 -18.6971 -1.4361 73.4224 129.87 1.4664e-11
208 -19.398 -22.8867 32.5972 205.93 2.1996e-11
209 21.1251 9.32505 56.0682 205.93 2.1996e-11
210 31.5971 12.3703 37.6712 166.91 1.7484e-11
211 -9.40696 -22.7961 36.5033 95.82 1.2972e-11
212 -8.52392 18.3987 76.5241 166.91 1.7484e-11
213 35.3656 -11.0247 38.1648 122.56 1.5228e-11
214 27.5361 -0.536361 75.3853 140.17 1.5228e-11
215 11.4187 -5.16998 38.1852 205.93 2.1996e-11
216 -12.0674 -17.4764 83.5295 129.87 1.4664e-11
217 10.0922 19.5664 22.6032 205.93 2.1996e-11
218 22.1134 -19.8436 58.9646 166.91 1.7484e-11
219 28.3682 -14.8314 58.6756 166.91 1.7484e-11
220 20.042 -34.324 46.7131 129.87 1.4664e-11
221 -21.8009 -8.06283 57.9355 166.91 1.7484e-11
222 13.6864 26.7495 29.0574 166.91 1.7484e-11
223 17.3551 7.17664 27.8032 142.98 1.8894e-11
224 1.07991 -9.87989 78.7608 140.17 1.5228e-11
225 23.5098 8.75745 36.5443 166.91 1.7484e-11
226 -23.3801 11.386 54.826 119.9 1.692e-11
227 -9.84532 -30.3447 45.9285 166.91 1.7484e-11
228 -28.9828 6.86401 53.408 106.55 1.5228e-11
229 -10.9926 -31.9353 33.9369 140.17 1.5228e-11
230 27.1837 -4.10238 61.3676 205.93 2.1996e-11
231 15.5141 25.2608 47.4567 129.87 1.4664e-11
232 -2.6233 -9.72444 51.4076 184.68 2.397e-11
233 -29.0405 -3.32152 65.1307 142.98 1.8894e-11
234 -17.6788 -7.25774 69.1945 140.17 1.5228e-11
235 25.0552 -18.0105 67.4209 122.56 1.5228e-11
236 -7.30988 22.8058 67.7834 119.9 1.692e-11
237 6.16473 10.6351 73.8877 205.93 2.1996e-11
238 -2.25148 -0.623409 52.3696 166.91 1.7484e-11
239 23.7268 -24.08 58.0588 184.68 2.397e-11
240 3.42596 -19.8646 26.1294 179.7 2.0022e-11
241 6.04993 1.10072 69.8161 95.82 1.2972e-11
242 1.90276 -20.296 55.7302 140.17 1.5228e-11
243 -13.2508 14.2968 15.5493 179.7 2.0022e-11
244 -28.368 19.526 62.9513 184.68 2.397e-11
245 -7.77731 6.80219 54.4362 160.03 1.974e-11
246 -0.470687 9.16011 83.9864 179.7 2.0022e-11
247 -26.2885 8.85785 43.9076 142.98 1.8894e-11
248 5.47501 18.4298 39.9178 95.82 1.2972e-11
249 -10.7485 -9.89784 16.9285 184.68 2.397e-11
250 6.64922 -6.54674 18.8645 166.91 1.7484e-11
251 -13.979 14.8132 55.1187 142.98 1.8894e-11
252 -4.39142 33.4382 45.1609 116.24 1.6638e-11
253 -3.39069 -27.2523 21.1348 122.56 1.5228e-11
254 -3.17996 -5.53405 79.2911 146.64 1.9176e-11
255 -24.1096 -9.21873 70.7357 179.7 2.0022e-11
256 25.138 13.8191 67.7268 171.89 2.1432e-11
257 14.6692 -14.8811 23.4786 184.68 2.397e-11
258 -24.1558 13.4619 63.9562 140.17 1.5228e-11
259 1.39858 -14.1276 47.3574 116.24 1.6638e-11
260 -4.39032 -28.178 62.1637 205.93 2.1996e-11
261 -26.1939 -1.03617 75.1535 166.91 1.7484e-11
262 34.9287 6.64508 53.9125 146.64 1.9176e-11
263 -2.25976 20.2669 36.585 166.91 1.7484e-11
264 -26.2033 1.03709 40.4341 160.03 1.974e-11
265 -15.8888 -3.63472 81.2362 166.91 1.7484e-11
266 27.4826 -19.9715 68.7129 116.24 1.6638e-11
267 27.1645 -6.16311 66.6783 95.82 1.2972e-11
268 -7.53007 2.10401 52.0448 146.64 1.9176e-11
269 -18.8169 -15.3713 24.7974 119.9 1.692e-11
270 20.5301 9.65381 61.6277 95.82 1.2972e-11
271 -13.8149 -27.6614 24.7484 179.7 2.0022e-11
272 -3.58406 2.65443 22.9942 142.98 1.8894e-11
273 -28.7793 -13.3144 34.7295 122.56 1.5228e-11
274 -11.6539 -26.9706 35.772 142.98 1.8894e-11
275 -9.63341 11.3101 58.1849 95.82 1.2972e-11
276 3.5223 -0.710238 33.0297 171.89 2.1432e-11
277 -19.7825 -4.85436 62.6891 179.7 2.0022e-11
278 -19.635 -4.99914 29.4409 86.69 1.0716e-11
279 -17.3925 3.93827 80.5842 166.91 1.7484e-11
280 28.1319 13.6374 54.6088 95.82 1.2972e-11
281 -19.0974 -9.99679 33.9602 116.24 1.6638e-11
282 -5.71123 11.3332 47.1041 166.91 1.7484e-11
283 -21.7143 7.7558 81.7204 142.98 1.8894e-11
284 -18.4066 -0.0181481 64.9854 166.91 1.7484e-11
285 -17.3738 -1.44982 82.8682 140.17 1.5228e-11
286 16.2547 -8.05537 23.4749 86.69 1.0716e-11
287 32.1995 -23.1949 53.8692 146.64 1.9176e-11
288 -10.1778 -18.9478 74.5361 95.82 1.2972e-11
289 -21.1333 12.713 36.8484 166.91 1.7484e-11
290 1.77047 -3.76935 58.5496 166.91 1.7484e-11
291 -9.81476 3.3437 87.576 205.93 2.1996e-11
292 19.7027 23.4629 70.6959 166.91 1.7484e-11
293 -3.74174 -7.46001 29.5381 205.93 2.1996e-11
294 16.1824 -22.8945 62.8942 86.69 1.0716e-11
295 -7.43606 -17.8885 37.4519 59.95 8.46e-12
296 3.60123 -34.1569 54.5214 215.06 2.4252e-11
297 -9.32953 -1.48561 41.2746 142.98 1.8894e-11
298 -7.3062 4.7287 85.2862 122.56 1.5228e-11
299 -17.379 -9.00936 69.6635 122.56 1.5228e-11
300 5.25521 4.34471 31.4868 95.82 1.2972e-11
301 24.6648 -18.7413 25.3337 95.82 1.2972e-11
302 -6.84406 11.8523 52.3732 140.17 1.5228e-11
303 -34.1716 -2.40434 40.3164 166.91 1.7484e-11
304 -22.7004 -4.93674 38.2501 95.82 1.2972e-11
305 -15.9025 6.13103 54.1537 205.93 2.1996e-11
306 -28.5405 0.523591 49.9868 166.91 1.7484e-11
307 -26.1658 -9.18249 39.9697 160.03 1.974e-11
308 3.9851 17.5118 51.2232 215.06 2.4252e-11
309 -1.08121 -11.8505 78.6781 142.98 1.8894e-11
310 -7.95817 7.01282 74.5084 166.91 1.7484e-11
311 -7.34197 -36.5274 53.6348 86.69 1.0716e-11
312 14.5068 -23.4233 55.109 122.56 1.5228e-11
313 26.4547 -16.5702 34.4849 171.89 2.1432e-11
314 -13.3705 1.72586 16.5916 129.87 1.4664e-11
315 24.6192 14.5325 57.5811 116.24 1.6638e-11
316 -17.537 -24.2028 73.4444 140.17 1.5228e-11
317 -27.1994 -20.2379 70.9152 146.64 1.9176e-11
318 -13.3844 7.73621 72.4168 146.64 1.9176e-11
319 22.1631 14.9145 77.3559 179.7 2.0022e-11
320 10.2399 21.4715 41.7324 166.91 1.7484e-11
321 6.82059 -6.3959 74.1279 146.64 1.9176e-11
322 -1.7793 15.2618 75.0898 142.98 1.8894e-11
323 4.07352 -16.4166 56.9589 142.98 1.8894e-11
324 -2.05439 31.8911 44.3393 166.91 1.7484e-11
325 12.6452 -32.6528 54.9845 116.24 1.6638e-11
326 22.5085 -19.7071 32.9273 86.69 1.0716e-11
327 19.053 -16.3314 47.8552 140.17 1.5228e-11
328 -2.55144 -2.08623 26.7002 166.91 1.7484e-11
329 -28.1037 -18.9688 41.719 129.87 1.4664e-11
330 21.716 21.6494 72.0573 119.9 1.692e-11
331 -3.64173 -6.50616 60.9057 179.7 2.0022e-11
332 11.7677 19.3602 76.3594 86.69 1.0716e-11
333 -18.2292 22.4177 24.4327 129.87 1.4664e-11
334 10.6834 35.5848 44.4283 129.87 1.4664e-11
335 29.5211 0.957935 70.0083 122.56 1.5228e-11
336 -7.70341 -31.2876 38.9646 215.06 2.4252e-11
337 25.3652 -6.65286 75.3952 116.24 1.6638e-11
338 17.9971 -3.31807 43.208 122.56 1.5228e-11
339 7.41645 8.26878 63.4015 140.17 1.5228e-11
340 14.2266 -13.7336 28.9466 166.91 1.7484e-11
341 -3.88324 14.4595 30.7064 146.64 1.9176e-11
342 -28.3206 16.308 57.9024 160.03 1.974e-11
343 -23.7629 -22.6609 68.6079 142.98 1.8894e-11
344 19.2382 -24.3817 27.2358 215.06 2.4252e-11
345 -22.51 -6.38415 31.6561 166.91 1.7484e-11
346 9.82511 10.6953 46.6186 116.24 1.6638e-11
347 -6.9731 3.05398 18.1806 160.03 1.974e-11
348 11.2283 -5.1382 12.224 140.17 1.5228e-11
349 -20.6017 -13.608 60.5474 140.17 1.5228e-11
350 -9.9385 3.57122 71.5081 119.9 1.692e-11
351 -25.2325 -2.37359 77.0784 142.98 1.8894e-11
352 -12.9238 -10.532 78.3039 122.56 1.5228e-11
353 22.937 -17.7149 75.2238 166.91 1.7484e-11
354 -6.9748 -25.4415 54.3555 184.68 2.397e-11
355 2.47445 -11.9225 68.0233 166.91 1.7484e-11
356 -7.91876 29.4311 58.1896 205.93 2.1996e-11
357 14.2067 -27.9703 33.0281 129.87 1.4664e-11
358 -15.398 5.94452 39.4887 166.91 1.7484e-11
359 -10.0634 -15.7703 38.3547 86.69 1.0716e-11
360 -12.2727 -27.6455 51.2807 160.03 1.974e-11
361 5.23685 15.7134 65.119 184.68 2.397e-11
362 24.6134 -3.29274 68.8905 166.91 1.7484e-11
363 5.07916 5.36479 56.0522 142.98 1.8894e-11
364 0.866041 -4.44113 47.982 184.68 2.397e-11
365 3.59891 6.81453 21.8795 140.17 1.5228e-11
366 18.0497 2.03651 37.6151 106.55 1.5228e-11
367 20.6057 0.637397 42.7314 179.7 2.0022e-11
368 -2.94324 -26.9974 65.4628 179.7 2.0022e-11
369 25.6074 -16.9033 36.6111 116.24 1.6638e-11
370 12.444 26.8028 43.9451 140.17 1.5228e-11
371 -4.68885 -5.48553 14.7237 142.98 1.8894e-11
372 -9.3478 11.5429 51.4409 166.91 1.7484e-11
373 -23.2892 19.0263 65.1081 119.9 1.692e-11
374 1.06559 -10.6384 50.1838 59.95 8.46e-12
375 -30.1021 -6.75284 75.0587 160.03 1.974e-11
376 18.631 10.5625 53.9746 205.93 2.1996e-11
377 0.86253 16.5455 50.9673 166.91 1.7484e-11
378 35.7179 -9.42402 60.4132 129.87 1.4664e-11
379 -25.2514 -0.900557 34.3312 179.7 2.0022e-11
380 14.9471 16.0188 77.955 59.95 8.46e-12
381 -0.779197 24.0408 24.339 140.17 1.5228e-11
382 2.21513 29.744 37.1147 140.17 1.5228e-11
383 -3.30255 13.9689 25.0109 140.17 1.5228e-11
384 7.73895 -11.427 75.6747 160.03 1.974e-11
385 3.77522 10.1459 12.3243 166.91 1.7484e-11
386 -15.041 6.16324 35.6496 129.87 1.4664e-11
387 12.1298 25.143 68.8504 95.82 1.2972e-11
388 18.9644 14.9254 20.3802 215.06 2.4252e-11
389 -23.0565 9.29013 29.2771 86.69 1.0716e-11
390 7.49356 24.3036 41.1806 166.91 1.7484e-11
391 -13.4974 29.101 30.0558 171.89 2.1432e-11
392 -20.9713 14.6115 25.4205 184.68 2.397e-11
393 12.1133 -12.4483 31.8733 116.24 1.6638e-11
394 -21.733 12.9742 27.6971 129.87 1.4664e-11
395 -16.9208 12.0992 40.769 179.7 2.0022e-11
396 -25.5073 19.2527 30.5749 215.06 2.4252e-11
397 6.9656 30.8388 37.6545 246.45 2.7636e-11
398 -15.0427 -21.9384 50.8059 122.56 1.5228e-11
399 25.4357 -22.3667 53.4971 142.98 1.8894e-11
400 -24.6484 -25.3554 61.5732 129.87 1.4664e-11
401 31.4916 -0.405643 32.358 142.98 1.8894e-11
402 -11.1585 -20.4781 33.7452 179.7 2.0022e-11
403 5.65424 -9.26828 38.0877 205.93 2.1996e-11
404 -14.3405 19.7687 62.996 166.91 1.7484e-11
405 23.6012 24.7269 34.602 129.87 1.4664e-11
406 6.23941 -14.1674 18.0112 142.98 1.8894e-11
407 -5.33104 1.27006 35.8252 184.68 2.397e-11
408 3.45801 38.713 58.9891 205.93 2.1996e-11
409 11.4577 10.1895 25.3045 95.82 1.2972e-11
410 -17.1849 -26.2655 45.4849 179.7 2.0022e-11
411 -13.7463 5.67432 58.2517 179.7 2.0022e-11
412 -6.61989 19.5291 35.8876 119.9 1.692e-11
413 12.7756 0.304667 50.5445 179.7 2.0022e-11
414 -18.5594 -7.28766 46.3703 116.24 1.6638e-11
415 -26.0644 14.8034 51.2633 119.9 1.692e-11
416 32.525 7.72964 42.0331 166.91 1.7484e-11
417 22.8395 23.5391 72.4091 116.24 1.6638e-11
418 -9.59195 -11.9158 21.187 129.87 1.4664e-11
419 -30.3197 16.3085 67.0624 215.06 2.4252e-11
420 6.11443 -34.8294 31.8022 166.91 1.7484e-11
421 -9.93035 -19.4598 29.0769 215.06 2.4252e-11
422 6.30288 12.4521 52.8219 122.56 1.5228e-11
423 7.814 -30.1544 44.6909 129.87 1.4664e-11
424 12.8943 -6.27275 63.8883 205.93 2.1996e-11
425 -19.373 -2.12735 55.5942 59.95 8.46e-12
426 22.4368 -25.0337 28.6358 95.82 1.2972e-11
427 -27.6497 10.6913 58.049 59.95 8.46e-12
428 -6.94743 34.5036 31.2733 129.87 1.4664e-11
429 -20.3634 -7.43357 74.0026 184.68 2.397e-11
430 -28.6448 6.94041 57.4222 119.9 1.692e-11
431 24.9476 14.4369 51.3153 106.55 1.5228e-11
432 25.8614 12.7092 54.1073 166.91 1.7484e-11
433 -9.32347 20.3805 25.556 59.95 8.46e-12
434 -29.7778 4.76979 55.7843 160.03 1.974e-11
435 16.1414 8.60481 31.1187 184.68 2.397e-11
436 21.6082 -30.6021 40.6637 205.93 2.1996e-11
437 -26.816 23.518 37.6517 86.69 1.0716e-11
438 -17.591 27.3492 27.8551 166.91 1.7484e-11
439 -29.5972 0.650979 31.0022 160.03 1.974e-11
440 -16.061 -17.2375 18.8226 119.9 1.692e-11
441 -15.3187 -21.9091 63.1453 160.03 1.974e-11
442 -26.9569 -24.1033 65.9201 179.7 2.0022e-11
443 -10.51 -1.70547 26.0869 166.91 1.7484e-11
444 11.2075 -35.6562 55.614 86.69 1.0716e-11
445 -11.2247 -14.2463 53.2066 166.91 1.7484e-11
446 11.5198 12.8491 85.0691 166.91 1.7484e-11
447 -4.5743 -0.282589 20.5218 184.68 2.397e-11
448 -0.176875 -12.7334 40.5795 140.17 1.5228e-11
449 -10.6949 10.2968 68.0279 166.91 1.7484e-11
450 29.2831 0.442294 43.6355 146.64 1.9176e-11
451 -8.5576 12.4188 53.0374 119.9 1.692e-11
452 9.91435 -9.56757 47.8554 205.93 2.1996e-11
453 12.9806 5.29022 82.6854 95.82 1.2972e-11
454 8.90672 15.2888 49.4788 205.93 2.1996e-11
455 -2.69192 36.9461 43.1346 179.7 2.0022e-11
456 -27.6184 -22.9435 39.3441 129.87 1.4664e-11
457 26.8083 7.50966 24.8299 106.55 1.5228e-11
458 -2.62618 21.7095 41.5556 179.7 2.0022e-11
459 -5.27006 -13.9333 33.7421 142.98 1.8894e-11
460 32.8663 -15.8648 50.8621 122.56 1.5228e-11
461 9.23258 -27.9419 30.0628 146.64 1.9176e-11
462 -4.37361 12.7611 45.745 166.91 1.7484e-11
463 6.69458 35.8756 51.3566 129.87 1.4664e-11
464 0.365904 -10.2472 65.0177 166.91 1.7484e-11
465 3.07929 -6.42806 13.55 179.7 2.0022e-11
466 6.42201 14.7993 61.3363 166.91 1.7484e-11
467 10.7385 1.89763 23.4343 95.82 1.2972e-11
468 -10.047 19.5069 62.2386 166.91 1.7484e-11
469 13.602 -30.7813 69.1782 59.95 8.46e-12
470 -35.1088 6.33004 39.0306 59.95 8.46e-12
471 -18.8283 32.3154 55.129 166.91 1.7484e-11
472 7.69401 33.2757 35.1849 166.91 1.7484e-11
473 -2.42422 -23.8145 40.3809 146.64 1.9176e-11
474 -20.7203 -5.66816 65.3018 129.87 1.4664e-11
475 -29.3155 14.9877 27.6511 142.98 1.8894e-11
476 -17.8324 -29.0542 55.3986 179.7 2.0022e-11
477 14.5997 17.4271 67.5797 129.87 1.4664e-11
478 22.7656 -19.2401 41.9248 140.17 1.5228e-11
479 6.82502 -11.85 86.2985 140.17 1.5228e-11
480 -11.3096 -0.577633 21.7155 166.91 1.7484e-11
481 -18.4351 1.6711 56.2325 179.7 2.0022e-11
482 -6.98363 -13.8001 32.4744 140.17 1.5228e-11
483 -28.4919 16.4176 60.2166 142.98 1.8894e-11
484 8.87499 -38.0507 52.2298 95.82 1.2972e-11
485 18.3737 6.20673 46.4809 184.68 2.397e-11
486 4.565 3.87855 36.7509 116.24 1.6638e-11
487 -10.7224 28.6493 39.0104 59.95 8.46e-12
488 -12.3152 -20.8169 20.8279 122.56 1.5228e-11
