1 1 169 49	1 1 169 49
1 1 89 32	1 1 89 32
1 1 172 178	1 1 172 178
1 1 486 242	1 1 486 242
1 1 345 73	1 1 345 73
1 1 464 17	1 1 464 17
1 1 141 265	1 1 141 265
1 1 77 298	1 1 77 298
1 1 337 356	1 1 337 356
1 1 308 473	1 1 308 473
1 1 453 436	1 1 453 436
1 1 293 113	1 1 293 113
1 1 78 237	1 1 78 237
1 1 258 443	1 1 258 443
1 1 396 107	1 1 396 107
1 1 155 44	1 1 155 44
1 1 253 463	1 1 253 463
1 1 55 441	1 1 55 441
1 1 109 9	1 1 109 9
1 1 115 46	1 1 115 46
1 1 290 237	1 1 290 237
1 1 403 476	1 1 403 476
1 1 12 132	1 1 12 132
1 1 67 206	1 1 67 206
1 1 151 309	1 1 151 309
1 1 314 276	1 1 314 276
1 1 301 232	1 1 301 232
1 1 484 208	1 1 484 208
1 1 148 382	1 1 148 382
1 1 483 373	1 1 483 373
1 1 81 53	1 1 81 53
1 1 258 75	1 1 258 75
1 1 446 294	1 1 446 294
1 1 185 342	1 1 185 342
1 1 115 85	1 1 115 85
1 1 20 260	1 1 20 260
1 1 18 351	1 1 18 351
1 1 33 28	1 1 33 28
1 1 204 401	1 1 204 401
1 1 438 315	1 1 438 315
1 1 446 22	1 1 446 22
1 1 89 203	1 1 89 203
1 1 18 120	1 1 18 120
1 1 471 356	1 1 471 356
1 1 471 289	1 1 471 289
1 1 366 141	1 1 366 141
1 1 453 3	1 1 453 3
1 0 45 2	1 0 45 2
2 1 45 2	2 1 45 2
1 1 9 269	1 1 9 269
1 1 263 144	1 1 263 144
1 1 74 423	1 1 74 423
1 1 393 444	1 1 393 444
1 1 324 169	1 1 324 169
1 1 153 43	1 1 153 43
1 1 65 241	1 1 65 241
1 1 182 332	1 1 182 332
1 1 451 352	1 1 451 352
1 1 126 419	1 1 126 419
1 1 366 246	1 1 366 246
1 1 137 212	1 1 137 212
1 1 306 462	1 1 306 462
1 1 131 179	1 1 131 179
1 1 235 46	1 1 235 46
1 1 483 96	1 1 483 96
1 1 0 372	1 1 0 372
1 1 470 107	1 1 470 107
1 1 414 120	1 1 414 120
1 1 250 218	1 1 250 218
1 1 16 477	1 1 16 477
1 1 219 469	1 1 219 469
1 0 414 3	1 0 414 3
2 1 414 3	2 1 414 3
1 1 292 237	1 1 292 237
1 1 426 473	1 1 426 473
1 1 220 379	1 1 220 379
1 1 401 397	1 1 401 397
1 1 215 360	1 1 215 360
1 1 335 208	1 1 335 208
1 1 435 334	1 1 435 334
1 1 343 323	1 1 343 323
1 1 158 61	1 1 158 61
1 1 386 163	1 1 386 163
1 1 176 208	1 1 176 208
1 1 231 278	1 1 231 278
1 1 461 94	1 1 461 94
1 1 423 433	1 1 423 433
1 1 42 69	1 1 42 69
1 1 378 297	1 1 378 297
1 1 310 108	1 1 310 108
1 1 363 214	1 1 363 214
1 1 468 399	1 1 468 399
1 1 263 130	1 1 263 130
1 1 38 447	1 1 38 447
1 1 202 467	1 1 202 467
1 1 73 271	1 1 73 271
1 1 45 222	1 1 45 222
1 1 325 303	1 1 325 303
1 1 115 366	1 1 115 366
1 1 325 440	1 1 325 440
1 1 377 227	1 1 377 227
1 1 385 426	1 1 385 426
1 1 380 278	1 1 380 278
1 1 15 308	1 1 15 308
1 1 246 381	1 1 246 381
1 1 395 30	1 1 395 30
1 1 245 175	1 1 245 175
1 1 452 464	1 1 452 464
1 1 62 348	1 1 62 348
1 1 414 221	1 1 414 221
1 1 279 392	1 1 279 392
1 1 317 167	1 1 317 167
1 1 313 213	1 1 313 213
1 1 148 250	1 1 148 250
1 1 389 261	1 1 389 261
1 1 81 54	1 1 81 54
1 1 367 440	1 1 367 440
1 1 364 396	1 1 364 396
1 1 454 361	1 1 454 361
1 1 284 424	1 1 284 424
1 1 485 87	1 1 485 87
1 1 133 227	1 1 133 227
1 1 76 447	1 1 76 447
1 1 159 465	1 1 159 465
1 1 185 356	1 1 185 356
1 1 472 94	1 1 472 94
1 1 395 448	1 1 395 448
1 1 441 389	1 1 441 389
1 1 188 455	1 1 188 455
1 1 333 226	1 1 333 226
1 1 297 218	1 1 297 218
1 1 374 28	1 1 374 28
1 1 387 269	1 1 387 269
1 1 147 405	1 1 147 405
1 1 424 247	1 1 424 247
1 1 373 86	1 1 373 86
1 1 376 486	1 1 376 486
1 1 245 189	1 1 245 189
1 1 482 68	1 1 482 68
1 1 461 444	1 1 461 444
1 1 46 85	1 1 46 85
1 1 13 484	1 1 13 484
1 0 44 41	1 0 44 41
2 1 44 41	2 1 44 41
1 1 356 196	1 1 356 196
1 1 257 380	1 1 257 380
1 1 403 32	1 1 403 32
1 1 253 219	1 1 253 219
1 1 290 255	1 1 290 255
1 1 31 345	1 1 31 345
1 1 247 168	1 1 247 168
1 1 101 371	1 1 101 371
1 1 375 459	1 1 375 459
1 1 411 354	1 1 411 354
1 1 329 406	1 1 329 406
1 1 327 52	1 1 327 52
1 1 343 420	1 1 343 420
1 1 321 171	1 1 321 171
1 1 317 159	1 1 317 159
1 1 383 398	1 1 383 398
1 1 226 322	1 1 226 322
1 1 151 415	1 1 151 415
1 1 485 291	1 1 485 291
1 1 344 70	1 1 344 70
1 1 160 296	1 1 160 296
1 1 362 346	1 1 362 346
1 1 223 463	1 1 223 463
1 1 441 209	1 1 441 209
1 1 242 376	1 1 242 376
1 1 119 313	1 1 119 313
1 0 366 299	1 0 366 299
2 0 366 299	2 0 366 299
3 1 366 299	3 1 366 299
1 1 8 7	1 1 8 7
1 1 459 25	1 1 459 25
1 1 286 167	1 1 286 167
1 1 16 229	1 1 16 229
1 1 416 372	1 1 416 372
1 1 275 191	1 1 275 191
1 1 349 124	1 1 349 124
1 1 460 84	1 1 460 84
1 1 147 69	1 1 147 69
1 1 420 147	1 1 420 147
1 1 396 295	1 1 396 295
1 1 235 120	1 1 235 120
1 1 259 463	1 1 259 463
1 1 107 397	1 1 107 397
1 1 478 180	1 1 478 180
1 1 62 84	1 1 62 84
1 1 439 346	1 1 439 346
1 1 438 437	1 1 438 437
1 1 6 357	1 1 6 357
1 1 187 296	1 1 187 296
1 0 189 280	1 0 189 280
2 1 189 280	2 1 189 280
1 1 53 212	1 1 53 212
1 1 427 256	1 1 427 256
1 1 234 343	1 1 234 343
1 1 199 365	1 1 199 365
1 1 0 50	1 1 0 50
1 1 183 103	1 1 183 103
1 1 5 34	1 1 5 34
1 1 147 442	1 1 147 442
1 1 394 402	1 1 394 402
1 1 35 108	1 1 35 108
1 1 90 350	1 1 90 350
1 1 290 295	1 1 290 295
1 1 142 243	1 1 142 243
1 1 246 34	1 1 246 34
1 1 459 330	1 1 459 330
1 1 333 78	1 1 333 78
1 1 321 484	1 1 321 484
1 1 243 398	1 1 243 398
1 1 339 29	1 1 339 29
1 1 291 283	1 1 291 283
1 1 291 148	1 1 291 148
1 1 362 412	1 1 362 412
1 1 126 194	1 1 126 194
1 1 400 100	1 1 400 100
1 1 15 484	1 1 15 484
1 1 62 250	1 1 62 250
1 1 87 98	1 1 87 98
1 1 271 319	1 1 271 319
1 1 343 47	1 1 343 47
1 1 460 78	1 1 460 78
1 1 400 16	1 1 400 16
1 1 15 42	1 1 15 42
1 1 42 480	1 1 42 480
1 1 387 486	1 1 387 486
1 1 77 200	1 1 77 200
1 1 147 427	1 1 147 427
1 1 200 237	1 1 200 237
1 1 140 192	1 1 140 192
1 1 132 87	1 1 132 87
1 1 58 192	1 1 58 192
1 1 69 460	1 1 69 460
1 1 381 42	1 1 381 42
1 1 350 61	1 1 350 61
1 1 288 107	1 1 288 107
1 1 313 326	1 1 313 326
1 1 353 27	1 1 353 27
1 1 33 382	1 1 33 382
1 1 247 443	1 1 247 443
1 1 111 17	1 1 111 17
1 1 68 364	1 1 68 364
1 1 114 250	1 1 114 250
1 0 39 42	1 0 39 42
2 0 39 42	2 0 39 42
3 0 39 42	3 0 39 42
4 1 39 42	4 1 39 42
1 1 164 38	1 1 164 38
1 1 72 40	1 1 72 40
1 1 168 145	1 1 168 145
1 1 456 337	1 1 456 337
1 1 383 283	1 1 383 283
1 1 248 192	1 1 248 192
1 1 17 50	1 1 17 50
1 1 43 426	1 1 43 426
1 1 393 191	1 1 393 191
1 1 311 261	1 1 311 261
1 1 298 223	1 1 298 223
1 1 27 121	1 1 27 121
1 1 181 336	1 1 181 336
1 1 230 467	1 1 230 467
1 1 15 225	1 1 15 225
1 1 315 417	1 1 315 417
1 1 184 265	1 1 184 265
1 1 198 156	1 1 198 156
1 1 424 218	1 1 424 218
1 1 158 139	1 1 158 139
1 0 334 41	1 0 334 41
2 1 334 41	2 1 334 41
1 1 440 289	1 1 440 289
1 1 141 266	1 1 141 266
1 1 2 403	1 1 2 403
1 1 315 425	1 1 315 425
1 1 164 360	1 1 164 360
1 1 138 359	1 1 138 359
1 1 346 65	1 1 346 65
1 1 351 369	1 1 351 369
1 1 297 368	1 1 297 368
1 1 83 219	1 1 83 219
1 0 251 346	1 0 251 346
2 1 251 346	2 1 251 346
1 1 308 254	1 1 308 254
1 1 388 426	1 1 388 426
1 1 21 320	1 1 21 320
1 1 92 376	1 1 92 376
1 1 148 53	1 1 148 53
1 1 382 473	1 1 382 473
1 1 424 0	1 1 424 0
1 1 39 55	1 1 39 55
1 1 210 457	1 1 210 457
1 0 472 78	1 0 472 78
2 0 472 78	2 0 472 78
3 1 472 78	3 1 472 78
1 1 175 477	1 1 175 477
1 1 1 280	1 1 1 280
1 1 264 420	1 1 264 420
1 1 102 208	1 1 102 208
1 1 374 119	1 1 374 119
1 1 41 109	1 1 41 109
1 1 342 251	1 1 342 251
1 1 113 302	1 1 113 302
1 1 299 256	1 1 299 256
1 1 366 429	1 1 366 429
1 1 50 177	1 1 50 177
1 1 423 286	1 1 423 286
1 1 405 338	1 1 405 338
1 0 244 88	1 0 244 88
2 1 244 88	2 1 244 88
1 1 456 241	1 1 456 241
1 1 249 399	1 1 249 399
1 1 321 125	1 1 321 125
1 1 438 240	1 1 438 240
1 1 437 293	1 1 437 293
1 0 204 426	1 0 204 426
2 1 204 426	2 1 204 426
1 0 32 360	1 0 32 360
2 1 32 360	2 1 32 360
1 1 425 283	1 1 425 283
1 0 319 354	1 0 319 354
2 1 319 354	2 1 319 354
1 1 246 128	1 1 246 128
1 1 450 39	1 1 450 39
1 1 82 429	1 1 82 429
1 0 239 22	1 0 239 22
2 1 239 22	2 1 239 22
1 1 69 107	1 1 69 107
1 1 160 198	1 1 160 198
1 0 461 20	1 0 461 20
2 1 461 20	2 1 461 20
1 1 48 452	1 1 48 452
1 1 229 18	1 1 229 18
1 1 156 304	1 1 156 304
1 1 321 111	1 1 321 111
1 1 246 68	1 1 246 68
1 1 308 118	1 1 308 118
1 1 425 205	1 1 425 205
1 1 261 390	1 1 261 390
1 1 139 191	1 1 139 191
1 1 436 77	1 1 436 77
1 1 468 348	1 1 468 348
1 1 441 264	1 1 441 264
1 1 106 309	1 1 106 309
1 1 268 108	1 1 268 108
1 1 218 337	1 1 218 337
1 1 105 313	1 1 105 313
1 0 70 218	1 0 70 218
2 1 70 218	2 1 70 218
1 1 316 485	1 1 316 485
1 1 3 376	1 1 3 376
1 1 5 225	1 1 5 225
1 1 132 408	1 1 132 408
1 1 243 228	1 1 243 228
1 1 329 114	1 1 329 114
1 1 141 112	1 1 141 112
1 1 2 256	1 1 2 256
1 1 161 78	1 1 161 78
1 1 58 402	1 1 58 402
1 1 65 110	1 1 65 110
1 1 316 467	1 1 316 467
1 1 86 96	1 1 86 96
1 1 403 370	1 1 403 370
1 1 438 74	1 1 438 74
1 1 422 158	1 1 422 158
1 1 272 405	1 1 272 405
1 1 202 47	1 1 202 47
1 1 232 381	1 1 232 381
1 1 184 20	1 1 184 20
1 1 229 55	1 1 229 55
1 1 247 201	1 1 247 201
1 0 437 290	1 0 437 290
2 0 437 290	2 0 437 290
3 1 437 290	3 1 437 290
1 1 166 398	1 1 166 398
1 1 245 240	1 1 245 240
1 1 54 284	1 1 54 284
1 1 163 113	1 1 163 113
1 1 60 191	1 1 60 191
1 1 262 317	1 1 262 317
1 1 267 2	1 1 267 2
1 1 471 49	1 1 471 49
1 1 145 458	1 1 145 458
1 1 6 203	1 1 6 203
1 1 175 203	1 1 175 203
1 1 480 457	1 1 480 457
1 1 115 89	1 1 115 89
1 1 66 105	1 1 66 105
1 1 257 420	1 1 257 420
1 1 427 341	1 1 427 341
1 1 331 36	1 1 331 36
1 0 133 82	1 0 133 82
2 1 133 82	2 1 133 82
1 1 35 319	1 1 35 319
1 1 185 316	1 1 185 316
1 0 120 199	1 0 120 199
2 1 120 199	2 1 120 199
1 1 346 225	1 1 346 225
1 1 118 446	1 1 118 446
1 1 475 68	1 1 475 68
1 1 84 443	1 1 84 443
1 0 107 38	1 0 107 38
2 0 107 38	2 0 107 38
3 1 107 38	3 1 107 38
1 1 110 427	1 1 110 427
1 1 173 406	1 1 173 406
1 1 308 371	1 1 308 371
1 1 47 61	1 1 47 61
1 1 266 205	1 1 266 205
1 1 129 276	1 1 129 276
1 1 220 475	1 1 220 475
1 1 243 319	1 1 243 319
1 1 233 326	1 1 233 326
1 1 271 445	1 1 271 445
1 1 236 90	1 1 236 90
1 1 157 131	1 1 157 131
1 1 81 221	1 1 81 221
1 1 461 27	1 1 461 27
1 1 107 380	1 1 107 380
1 1 444 289	1 1 444 289
1 1 423 483	1 1 423 483
1 0 136 8	1 0 136 8
2 1 136 8	2 1 136 8
1 1 273 115	1 1 273 115
1 1 73 232	1 1 73 232
1 1 16 228	1 1 16 228
1 1 319 142	1 1 319 142
1 1 437 115	1 1 437 115
1 1 464 0	1 1 464 0
1 1 190 157	1 1 190 157
1 1 266 478	1 1 266 478
1 1 357 75	1 1 357 75
1 1 190 84	1 1 190 84
1 1 62 282	1 1 62 282
1 1 477 26	1 1 477 26
1 1 375 366	1 1 375 366
1 0 44 276	1 0 44 276
2 1 44 276	2 1 44 276
1 1 331 359	1 1 331 359
1 0 165 337	1 0 165 337
2 1 165 337	2 1 165 337
1 1 286 351	1 1 286 351
1 1 227 475	1 1 227 475
1 1 349 219	1 1 349 219
1 1 220 31	1 1 220 31
1 0 188 472	1 0 188 472
2 1 188 472	2 1 188 472
1 1 201 60	1 1 201 60
1 1 279 307	1 1 279 307
1 1 250 272	1 1 250 272
1 1 95 406	1 1 95 406
1 1 145 239	1 1 145 239
1 1 121 330	1 1 121 330
1 1 399 82	1 1 399 82
1 1 284 58	1 1 284 58
1 1 407 150	1 1 407 150
1 1 397 305	1 1 397 305
1 1 484 148	1 1 484 148
1 1 203 396	1 1 203 396
1 1 356 336	1 1 356 336
1 1 149 3	1 1 149 3
1 1 108 453	1 1 108 453
1 1 320 357	1 1 320 357
1 0 382 466	1 0 382 466
2 1 382 466	2 1 382 466
1 1 414 289	1 1 414 289
1 1 315 54	1 1 315 54
1 1 428 488	1 1 428 488
1 1 160 463	1 1 160 463
1 1 286 316	1 1 286 316
1 1 204 178	1 1 204 178
1 1 45 281	1 1 45 281
1 1 482 466	1 1 482 466
1 1 127 238	1 1 127 238
1 1 434 375	1 1 434 375
1 1 3 320	1 1 3 320
1 1 227 30	1 1 227 30
1 1 435 292	1 1 435 292
1 1 472 247	1 1 472 247
1 1 138 399	1 1 138 399
1 0 436 223	1 0 436 223
2 1 436 223	2 1 436 223
1 1 309 250	1 1 309 250
1 1 109 393	1 1 109 393
1 1 191 4	1 1 191 4
1 1 205 82	1 1 205 82
1 1 434 373	1 1 434 373
1 0 455 97	1 0 455 97
2 1 455 97	2 1 455 97
1 1 188 22	1 1 188 22
1 0 202 430	1 0 202 430
2 0 202 430	2 0 202 430
3 1 202 430	3 1 202 430
1 1 396 213	1 1 396 213
1 1 329 63	1 1 329 63
1 1 412 28	1 1 412 28
1 1 376 224	1 1 376 224
1 1 131 338	1 1 131 338
1 1 297 368	1 1 297 368
1 1 372 232	1 1 372 232
1 0 4 414	1 0 4 414
2 1 4 414	2 1 4 414
1 1 435 364	1 1 435 364
1 1 301 161	1 1 301 161
1 1 149 171	1 1 149 171
1 1 468 346	1 1 468 346
1 1 272 58	1 1 272 58
1 1 391 344	1 1 391 344
1 1 90 164	1 1 90 164
1 1 285 233	1 1 285 233
1 1 240 348	1 1 240 348
1 1 414 125	1 1 414 125
1 1 159 302	1 1 159 302
1 1 140 450	1 1 140 450
1 1 219 113	1 1 219 113
1 1 298 378	1 1 298 378
1 1 359 34	1 1 359 34
1 1 289 443	1 1 289 443
1 1 437 51	1 1 437 51
1 1 30 210	1 1 30 210
1 0 45 101	1 0 45 101
2 1 45 101	2 1 45 101
1 1 372 468	1 1 372 468
1 1 263 158	1 1 263 158
1 1 303 416	1 1 303 416
1 1 115 440	1 1 115 440
1 1 163 252	1 1 163 252
1 1 231 468	1 1 231 468
1 1 447 56	1 1 447 56
1 1 68 295	1 1 68 295
1 1 334 425	1 1 334 425
1 1 141 468	1 1 141 468
1 1 354 437	1 1 354 437
1 0 23 403	1 0 23 403
2 1 23 403	2 1 23 403
1 1 250 63	1 1 250 63
1 1 52 47	1 1 52 47
1 1 35 49	1 1 35 49
1 1 47 68	1 1 47 68
1 1 261 71	1 1 261 71
1 1 475 275	1 1 475 275
1 1 130 275	1 1 130 275
1 1 302 108	1 1 302 108
1 1 166 245	1 1 166 245
1 1 487 361	1 1 487 361
1 1 363 301	1 1 363 301
1 0 112 440	1 0 112 440
2 0 112 440	2 0 112 440
3 1 112 440	3 1 112 440
1 1 230 486	1 1 230 486
1 1 336 185	1 1 336 185
1 1 299 23	1 1 299 23
1 1 234 380	1 1 234 380
1 1 485 184	1 1 485 184
1 1 17 389	1 1 17 389
1 1 235 99	1 1 235 99
1 1 193 399	1 1 193 399
1 1 458 167	1 1 458 167
1 1 420 279	1 1 420 279
1 1 402 236	1 1 402 236
1 0 333 129	1 0 333 129
2 1 333 129	2 1 333 129
1 0 299 240	1 0 299 240
2 1 299 240	2 1 299 240
1 0 245 450	1 0 245 450
2 1 245 450	2 1 245 450
1 1 50 418	1 1 50 418
1 1 118 178	1 1 118 178
	1 1 76 203
	1 1 394 362
	1 1 403 76
