#FROM BEAD
0.0232811
0.0226058
0.0225227
0.022435
0.0223427
0.022246
0.0221449
0.0220393
0.0219295
0.0218153
0.021697
0.0215746
0.0214481
0.0213176
0.0211833
0.021045
0.020903
0.0207574
0.0205321
0.0202197
0.019894
0.0195558
0.0192058
0.0188447
0.0184734
0.0180926
0.017703
0.0173056
0.0169011
0.0163867
0.0157588
0.0151218
0.0144786
0.0138319
0.0131843
0.0125384
0.0117904
0.0109474
0.0101223
0.00932012
0.00854524
0.00780171
0.00700706
0.00618089
0.00541874
0.00472373
0.00403883
0.00338741
0.00283432
0.00237579
0.00197914
0.00165797
0.00143338
0.00129041
0.00121016
0.00118692
0.00120707
0.00125477
0.00131431
0.00136906
0.00140407
0.00140921
0.00138261
0.00132616
0.00124774
0.00115958
0.00107535
0.00100661
0.000959528
0.000932968
0.000918836
0.000904122
0.000875987
0.000826321
0.000753174
0.000666935
0.000581075
0.000505231
0.000445089
0.00039741
0.00035323
0.000306252
0.000256544
0.000209224
0.000171178
0.000144324
0.0001263
0.000113696
0.000105482
0.000101905
0.000100957
9.91684e-05
9.5791e-05
9.32058e-05
9.25708e-05
9.19345e-05
8.99428e-05
8.81794e-05
8.79007e-05
8.78698e-05
8.7466e-05
