 Intensity from PDB file ../c++/ub_CA_1.pdb                                                                                                                                                                                                                                                                                                                                                                                                                                                                                                                                                                                                                                                                                                                                                                                                                                                                                                                                                                                                                                                                                                                                                                                                                                                                                                                                                                                                                                                                                                                                                                                                                                                                                                                                                                                                                                                                                                                                                                                                                                                                                                                                                                                                                                                                                                                                                                                                                                                                                                                                                                                                                                                                                                                                                                                                                                                                                                                                                                                                                                                                                                                                                                                                                                                                                                                                                                                                                                                                                                                                                                                                                                                                                                                                                                                                                                                                                                                                                                                                                                                                                                                                                                                                                                              
     0.00000  0.000000E+00
     0.00251  0.000000E+00
     0.00501  0.000000E+00
     0.00752  0.000000E+00
     0.01003  0.000000E+00
     0.01253  0.000000E+00
     0.01504  0.000000E+00
     0.01754  0.000000E+00
     0.02005  0.000000E+00
     0.02256  0.000000E+00
     0.02506  0.000000E+00
     0.02757  0.000000E+00
     0.03008  0.000000E+00
     0.03258  0.000000E+00
     0.03509  0.000000E+00
     0.03759  0.000000E+00
     0.04010  0.000000E+00
     0.04261  0.000000E+00
     0.04511  0.000000E+00
     0.04762  0.000000E+00
     0.05013  0.000000E+00
     0.05263  0.000000E+00
     0.05514  0.000000E+00
     0.05764  0.000000E+00
     0.06015  0.000000E+00
     0.06266  0.000000E+00
     0.06516  0.000000E+00
     0.06767  0.000000E+00
     0.07018  0.000000E+00
     0.07268  0.000000E+00
     0.07519  0.000000E+00
     0.07769  0.000000E+00
     0.08020  0.000000E+00
     0.08271  0.000000E+00
     0.08521  0.000000E+00
     0.08772  0.000000E+00
     0.09023  0.000000E+00
     0.09273  0.000000E+00
     0.09524  0.000000E+00
     0.09774  0.000000E+00
     0.10025  0.000000E+00
     0.10276  0.000000E+00
     0.10526  0.000000E+00
     0.10777  0.000000E+00
     0.11028  0.000000E+00
     0.11278  0.000000E+00
     0.11529  0.000000E+00
     0.11779  0.000000E+00
     0.12030  0.000000E+00
     0.12281  0.000000E+00
     0.12531  0.000000E+00
     0.12782  0.000000E+00
     0.13033  0.000000E+00
     0.13283  0.000000E+00
     0.13534  0.000000E+00
     0.13784  0.000000E+00
     0.14035  0.000000E+00
     0.14286  0.000000E+00
     0.14536  0.000000E+00
     0.14787  0.000000E+00
     0.15038  0.000000E+00
     0.15288  0.000000E+00
     0.15539  0.000000E+00
     0.15789  0.000000E+00
     0.16040  0.000000E+00
     0.16291  0.000000E+00
     0.16541  0.000000E+00
     0.16792  0.000000E+00
     0.17043  0.000000E+00
     0.17293  0.000000E+00
     0.17544  0.000000E+00
     0.17794  0.000000E+00
     0.18045  0.000000E+00
     0.18296  0.000000E+00
     0.18546  0.000000E+00
     0.18797  0.000000E+00
     0.19048  0.000000E+00
     0.19298  0.000000E+00
     0.19549  0.000000E+00
     0.19799  0.000000E+00
     0.20050  0.000000E+00
     0.20301  0.000000E+00
     0.20551  0.000000E+00
     0.20802  0.000000E+00
     0.21053  0.000000E+00
     0.21303  0.000000E+00
     0.21554  0.000000E+00
     0.21805  0.000000E+00
     0.22055  0.000000E+00
     0.22306  0.000000E+00
     0.22556  0.000000E+00
     0.22807  0.000000E+00
     0.23058  0.000000E+00
     0.23308  0.000000E+00
     0.23559  0.000000E+00
     0.23810  0.000000E+00
     0.24060  0.000000E+00
     0.24311  0.000000E+00
     0.24561  0.000000E+00
     0.24812  0.000000E+00
     0.25063  0.000000E+00
     0.25313  0.000000E+00
     0.25564  0.000000E+00
     0.25815  0.000000E+00
     0.26065  0.000000E+00
     0.26316  0.000000E+00
     0.26566  0.000000E+00
     0.26817  0.000000E+00
     0.27068  0.000000E+00
     0.27318  0.000000E+00
     0.27569  0.000000E+00
     0.27820  0.000000E+00
     0.28070  0.000000E+00
     0.28321  0.000000E+00
     0.28571  0.000000E+00
     0.28822  0.000000E+00
     0.29073  0.000000E+00
     0.29323  0.000000E+00
     0.29574  0.000000E+00
     0.29825  0.000000E+00
     0.30075  0.000000E+00
     0.30326  0.000000E+00
     0.30576  0.000000E+00
     0.30827  0.000000E+00
     0.31078  0.000000E+00
     0.31328  0.000000E+00
     0.31579  0.000000E+00
     0.31830  0.000000E+00
     0.32080  0.000000E+00
     0.32331  0.000000E+00
     0.32581  0.000000E+00
     0.32832  0.000000E+00
     0.33083  0.000000E+00
     0.33333  0.000000E+00
     0.33584  0.000000E+00
     0.33835  0.000000E+00
     0.34085  0.000000E+00
     0.34336  0.000000E+00
     0.34586  0.000000E+00
     0.34837  0.000000E+00
     0.35088  0.000000E+00
     0.35338  0.000000E+00
     0.35589  0.000000E+00
     0.35840  0.000000E+00
     0.36090  0.000000E+00
     0.36341  0.000000E+00
     0.36591  0.000000E+00
     0.36842  0.000000E+00
     0.37093  0.000000E+00
     0.37343  0.000000E+00
     0.37594  0.000000E+00
     0.37845  0.000000E+00
     0.38095  0.000000E+00
     0.38346  0.000000E+00
     0.38596  0.000000E+00
     0.38847  0.000000E+00
     0.39098  0.000000E+00
     0.39348  0.000000E+00
     0.39599  0.000000E+00
     0.39850  0.000000E+00
     0.40100  0.000000E+00
     0.40351  0.000000E+00
     0.40602  0.000000E+00
     0.40852  0.000000E+00
     0.41103  0.000000E+00
     0.41353  0.000000E+00
     0.41604  0.000000E+00
     0.41855  0.000000E+00
     0.42105  0.000000E+00
     0.42356  0.000000E+00
     0.42607  0.000000E+00
     0.42857  0.000000E+00
     0.43108  0.000000E+00
     0.43358  0.000000E+00
     0.43609  0.000000E+00
     0.43860  0.000000E+00
     0.44110  0.000000E+00
     0.44361  0.000000E+00
     0.44612  0.000000E+00
     0.44862  0.000000E+00
     0.45113  0.000000E+00
     0.45363  0.000000E+00
     0.45614  0.000000E+00
     0.45865  0.000000E+00
     0.46115  0.000000E+00
     0.46366  0.000000E+00
     0.46617  0.000000E+00
     0.46867  0.000000E+00
     0.47118  0.000000E+00
     0.47368  0.000000E+00
     0.47619  0.000000E+00
     0.47870  0.000000E+00
     0.48120  0.000000E+00
     0.48371  0.000000E+00
     0.48622  0.000000E+00
     0.48872  0.000000E+00
     0.49123  0.000000E+00
     0.49373  0.000000E+00
     0.49624  0.000000E+00
     0.49875  0.000000E+00
     0.50125  0.000000E+00
     0.50376  0.000000E+00
     0.50627  0.000000E+00
     0.50877  0.000000E+00
     0.51128  0.000000E+00
     0.51378  0.000000E+00
     0.51629  0.000000E+00
     0.51880  0.000000E+00
     0.52130  0.000000E+00
     0.52381  0.000000E+00
     0.52632  0.000000E+00
     0.52882  0.000000E+00
     0.53133  0.000000E+00
     0.53383  0.000000E+00
     0.53634  0.000000E+00
     0.53885  0.000000E+00
     0.54135  0.000000E+00
     0.54386  0.000000E+00
     0.54637  0.000000E+00
     0.54887  0.000000E+00
     0.55138  0.000000E+00
     0.55388  0.000000E+00
     0.55639  0.000000E+00
     0.55890  0.000000E+00
     0.56140  0.000000E+00
     0.56391  0.000000E+00
     0.56642  0.000000E+00
     0.56892  0.000000E+00
     0.57143  0.000000E+00
     0.57393  0.000000E+00
     0.57644  0.000000E+00
     0.57895  0.000000E+00
     0.58145  0.000000E+00
     0.58396  0.000000E+00
     0.58647  0.000000E+00
     0.58897  0.000000E+00
     0.59148  0.000000E+00
     0.59398  0.000000E+00
     0.59649  0.000000E+00
     0.59900  0.000000E+00
     0.60150  0.000000E+00
     0.60401  0.000000E+00
     0.60652  0.000000E+00
     0.60902  0.000000E+00
     0.61153  0.000000E+00
     0.61404  0.000000E+00
     0.61654  0.000000E+00
     0.61905  0.000000E+00
     0.62155  0.000000E+00
     0.62406  0.000000E+00
     0.62657  0.000000E+00
     0.62907  0.000000E+00
     0.63158  0.000000E+00
     0.63409  0.000000E+00
     0.63659  0.000000E+00
     0.63910  0.000000E+00
     0.64160  0.000000E+00
     0.64411  0.000000E+00
     0.64662  0.000000E+00
     0.64912  0.000000E+00
     0.65163  0.000000E+00
     0.65414  0.000000E+00
     0.65664  0.000000E+00
     0.65915  0.000000E+00
     0.66165  0.000000E+00
     0.66416  0.000000E+00
     0.66667  0.000000E+00
     0.66917  0.000000E+00
     0.67168  0.000000E+00
     0.67419  0.000000E+00
     0.67669  0.000000E+00
     0.67920  0.000000E+00
     0.68170  0.000000E+00
     0.68421  0.000000E+00
     0.68672  0.000000E+00
     0.68922  0.000000E+00
     0.69173  0.000000E+00
     0.69424  0.000000E+00
     0.69674  0.000000E+00
     0.69925  0.000000E+00
     0.70175  0.000000E+00
     0.70426  0.000000E+00
     0.70677  0.000000E+00
     0.70927  0.000000E+00
     0.71178  0.000000E+00
     0.71429  0.000000E+00
     0.71679  0.000000E+00
     0.71930  0.000000E+00
     0.72180  0.000000E+00
     0.72431  0.000000E+00
     0.72682  0.000000E+00
     0.72932  0.000000E+00
     0.73183  0.000000E+00
     0.73434  0.000000E+00
     0.73684  0.000000E+00
     0.73935  0.000000E+00
     0.74185  0.000000E+00
     0.74436  0.000000E+00
     0.74687  0.000000E+00
     0.74937  0.000000E+00
     0.75188  0.000000E+00
     0.75439  0.000000E+00
     0.75689  0.000000E+00
     0.75940  0.000000E+00
     0.76190  0.000000E+00
     0.76441  0.000000E+00
     0.76692  0.000000E+00
     0.76942  0.000000E+00
     0.77193  0.000000E+00
     0.77444  0.000000E+00
     0.77694  0.000000E+00
     0.77945  0.000000E+00
     0.78195  0.000000E+00
     0.78446  0.000000E+00
     0.78697  0.000000E+00
     0.78947  0.000000E+00
     0.79198  0.000000E+00
     0.79449  0.000000E+00
     0.79699  0.000000E+00
     0.79950  0.000000E+00
     0.80201  0.000000E+00
     0.80451  0.000000E+00
     0.80702  0.000000E+00
     0.80952  0.000000E+00
     0.81203  0.000000E+00
     0.81454  0.000000E+00
     0.81704  0.000000E+00
     0.81955  0.000000E+00
     0.82206  0.000000E+00
     0.82456  0.000000E+00
     0.82707  0.000000E+00
     0.82957  0.000000E+00
     0.83208  0.000000E+00
     0.83459  0.000000E+00
     0.83709  0.000000E+00
     0.83960  0.000000E+00
     0.84211  0.000000E+00
     0.84461  0.000000E+00
     0.84712  0.000000E+00
     0.84962  0.000000E+00
     0.85213  0.000000E+00
     0.85464  0.000000E+00
     0.85714  0.000000E+00
     0.85965  0.000000E+00
     0.86216  0.000000E+00
     0.86466  0.000000E+00
     0.86717  0.000000E+00
     0.86967  0.000000E+00
     0.87218  0.000000E+00
     0.87469  0.000000E+00
     0.87719  0.000000E+00
     0.87970  0.000000E+00
     0.88221  0.000000E+00
     0.88471  0.000000E+00
     0.88722  0.000000E+00
     0.88972  0.000000E+00
     0.89223  0.000000E+00
     0.89474  0.000000E+00
     0.89724  0.000000E+00
     0.89975  0.000000E+00
     0.90226  0.000000E+00
     0.90476  0.000000E+00
     0.90727  0.000000E+00
     0.90977  0.000000E+00
     0.91228  0.000000E+00
     0.91479  0.000000E+00
     0.91729  0.000000E+00
     0.91980  0.000000E+00
     0.92231  0.000000E+00
     0.92481  0.000000E+00
     0.92732  0.000000E+00
     0.92982  0.000000E+00
     0.93233  0.000000E+00
     0.93484  0.000000E+00
     0.93734  0.000000E+00
     0.93985  0.000000E+00
     0.94236  0.000000E+00
     0.94486  0.000000E+00
     0.94737  0.000000E+00
     0.94987  0.000000E+00
     0.95238  0.000000E+00
     0.95489  0.000000E+00
     0.95739  0.000000E+00
     0.95990  0.000000E+00
     0.96241  0.000000E+00
     0.96491  0.000000E+00
     0.96742  0.000000E+00
     0.96992  0.000000E+00
     0.97243  0.000000E+00
     0.97494  0.000000E+00
     0.97744  0.000000E+00
     0.97995  0.000000E+00
     0.98246  0.000000E+00
     0.98496  0.000000E+00
     0.98747  0.000000E+00
     0.98997  0.000000E+00
     0.99248  0.000000E+00
     0.99499  0.000000E+00
     0.99749  0.000000E+00
     1.00000  0.000000E+00
